quadrat	depth	pH	Al	Ca	Fe	K	Mg	Mn	Na	CEC	BS	pH.water	pH.CaCl2	resin.P	total.C	total.N	C.N	coarse.fragments	bulk.density	fine.roots
A1	0-10	3.71	5.73	0.15	0.08	0.17	0.10	0.02	0.05	6.30	7.5	3.99	3.51	3.1	2.4	0.16	14.6	0.2	1.0	404.8
A3	0-10	3.35	7.27	0.15	0.33	0.20	0.10	0.02	0.11	8.17	6.9	3.73	3.17	9.1	5.0	0.24	21.0	0.3	0.9	325.8
A5	0-10	3.7	4.00	0.12	0.12	0.12	0.07	0.01	0.04	4.48	7.7	3.89	3.42	5.1	2.4	0.15	15.9	0.3	1.1	345.5
B2	0-10	3.53	7.14	0.10	0.26	0.15	0.08	0.01	0.06	7.80	5.0	3.77	3.32	5.7	2.9	0.16	17.7	0.3	1.1	311.0
B4	0-10	3.69	5.18	0.31	0.17	0.23	0.13	0.03	0.06	6.11	11.9	3.9	3.45	6.1	2.6	0.16	16.5	1.0	1.3	271.5
C1	0-10		5.45	0.06	0.06	0.09	0.07	0.01	0.04	5.80	4.7	3.84	3.44	1.9	1.9	0.12	15.7	0.3	1.4	311.0
C3	0-10		5.36	0.19	0.12	0.12	0.11	0.01	0.04	5.95	7.7	3.88	3.36	4.1	3.0	0.15	19.8	1.1	1.3	246.8
C5	0-10		3.70	0.23	0.03	0.19	0.14	0.04	0.04	4.36	13.8	4.18	3.63	3.5	2.3	0.15	14.7	0.1	1.4	256.7
D2	0-10	3.46	7.41	0.06	0.30	0.13	0.09	0.01	0.09	8.08	4.6	3.79	3.24	5.5	3.9	0.21	18.5	0.1	0.9	1073.6
D4	0-10	3.83	4.61	0.02	0.07	0.05	0.05	0.00	0.05	4.85	3.4	3.98	3.55	1.6	1.6	0.12	14.2	0.2	1.4	202.4
E1	0-10	3.5	6.67	0.13	0.15	0.09	0.10	0.00	0.06	7.20	5.3	3.69	3.22	4.4	2.6	0.12	21.9	0.0	1.4	355.4
E3	0-10	3.55	5.84	0.03	0.15	0.10	0.09	0.01	0.03	6.27	4.2	3.77	3.33	5.2	3.0	0.18	16.9	0.1	1.0	481.3
E5	0-10	3.79	4.38	0.17	0.04	0.07	0.07	0.01	0.02	4.75	6.9	4.03	3.54	1.7	2.3	0.15	15.6	0.1	1.3	271.5
F1	0-10	3.45	5.06	0.10	0.19	0.11	0.09	0.01	0.05	5.60	6.1	3.8	3.24	5.9	3.7	0.19	19.8	0.4	0.9	992.2
F3	0-10	3.46	5.98	0.04	0.17	0.08	0.06	0.01	0.01	6.35	3.0	3.75	3.25	5.6	3.4	0.21	16.0	0.3	0.5	227.1
F5	0-10	3.77	4.33	0.08	0.05	0.12	0.11	0.01	0.02	4.72	7.0	4.02	3.55	2.9	2.1	0.15	13.9	1.2	1.3	236.9
G2	0-10	3.45	5.78	0.37	0.17	0.12	0.14	0.02	0.03	6.62	9.9	3.75	3.25	9.2	4.7	0.20	23.8	0.1	0.8	103.7
G4	0-10	3.55	6.01	0.06	0.18	0.08	0.07	0.00	0.03	6.44	3.8	3.81	3.34	4.4	3.0	0.19	16.3	0.3	1.0	375.2
H1	0-10	3.52	5.98	0.04	0.14	0.08	0.06	0.00	0.03	6.34	3.3	3.77	3.28	3.9	3.8	0.20	18.5	0.2	0.9	449.2
H3	0-10	3.61	4.80	0.01	0.10	0.08	0.05	0.00	0.03	5.06	3.2	3.85	3.36	3.5	2.6	0.17	15.0	0.1	1.1	199.9
H5	0-10	3.82	3.97	0.21	0.05	0.17	0.13	0.01	0.02	4.57	11.6	4.07	3.59	3.1	2.2	0.16	13.6	1.7	1.3	239.4
I2	0-10	3.7	4.78	0.06	0.14	0.09	0.06	0.01	0.02	5.16	4.4	3.93	3.47	2.3	2.8	0.17	16.7	0.2	1.3	409.7
I4	0-10	3.62	4.04	0.12	0.11	0.09	0.14	0.01	0.05	4.56	8.8	3.96	3.55	5.1	2.8	0.17	16.2	0.3	0.9	399.8
J1	0-10	3.68	5.11	0.06	0.19	0.09	0.05	0.00	0.04	5.55	4.5	3.91	3.38	2.6	2.5	0.15	16.8	0.0	1.2	449.2
J3	0-10	3.7	5.39	0.07	0.12	0.07	0.09	0.01	0.04	5.79	4.8	3.87	3.45	1.9	3.3	0.20	16.3	0.2	0.9	276.4
J5	0-10	3.71	4.63	0.04	0.09	0.11	0.07	0.01	0.06	5.01	5.6	3.93	3.47	2.2	2.6	0.15	16.7	0.4	1.2	464.0
K1	0-10	3.55	5.33	0.07	0.24	0.08	0.04	0.01	0.02	5.78	3.5	3.77	3.3	3.2	3.2	0.15	20.8	0.0	1.0	735.5
K3	0-10	3.6	6.47	0.08	0.15	0.18	0.10	0.01	0.02	7.01	5.4	3.79	3.33	4.2	2.8	0.14	19.5	0.9	1.1	375.2
K5	0-10	3.53	5.61	0.10	0.27	0.17	0.12	0.02	0.01	6.30	6.4	3.78	3.28	7.0	4.6	0.23	20.1	0.6	0.5	656.5
L2	0-10	3.31	5.87	0.06	0.34	0.11	0.08	0.01	0.02	6.50	4.3	3.62	3.11	5.5	4.5	0.20	22.1	0.2	1.3	784.9
L4	0-10	3.61	5.30	0.04	0.14	0.10	0.07	0.01	0.02	5.67	3.9	3.85	3.3	3.8	3.6	0.18	19.8	1.3	1.2	898.4
M1	0-10	3.88	4.79	0.07	0.11	0.11	0.06	0.02	0.00	5.16	4.6	4.12	3.63	4.2	4.3	0.21	20.3	0.0	0.6	691.1
M3	0-10	3.06	8.55	0.24	0.40	0.31	0.28	0.03	0.06	9.87	9.0	3.48	3.02	14.0	8.7	0.35	25.1	0.5	0.3	587.4
M5	0-10	3.91	4.36	0.05	0.06	0.07	0.04	0.01	0.01	4.61	3.6	4.11	3.65	1.2	3.5	0.15	23.0	1.0	1.1	888.5
N2	0-10	3.74	6.39	0.06	0.12	0.16	0.10	0.01	0.02	6.86	4.9	3.96	3.55	2.1	3.4	0.15	22.6	0.5	0.9	2167.0
N4	0-10	3.96	4.18	0.03	0.06	0.06	0.05	0.00	0.01	4.40	3.5	4.11	3.66	2.2	3.1	0.13	22.8	0.9	1.1	385.0
O1	0-10	3.87	4.92	0.02	0.06	0.08	0.07	0.00	0.01	5.16	3.5	4.03	3.62	2.4	3.0	0.17	17.9	0.4	1.2	390.0
O3	0-10	3.68	5.33	0.16	0.11	0.08	0.13	0.02	0.01	5.84	6.4	3.83	3.4	3.0	2.6	0.12	21.9	0.1	1.1	464.0
O5	0-10	3.49	6.43	0.09	0.18	0.12	0.15	0.01	0.02	7.01	5.4	3.83	3.24	NA	5.5	0.23	23.9	0.4	0.6	631.8
Q2	0-10	3.95	4.01	0.05	0.05	0.06	0.05	0.01	0.05	4.28	5.0	4.15	3.69	3.2	5.1	0.26	19.4	0.3	0.8	735.5
Q4	0-10	3.77	4.79	0.04	0.06	0.10	0.04	0.00	0.05	5.08	4.6	4.08	3.56	6.0	5.0	0.23	21.9	0.2	0.7	607.2
P1	0-10	3.7	6.72	0.09	0.11	0.11	0.09	0.01	0.06	7.20	4.9	4.03	3.57	1.7	2.9	0.13	21.7	1.5	1.6	597.3
P3	0-10	3.46	6.51	0.06	0.18	0.15	0.11	0.01	0.06	7.08	5.4	3.77	3.22	1.0	4.7	0.21	22.4	1.9	0.9	967.5
P5	0-10	3.81	5.22	0.04	0.09	0.06	0.04	0.00	0.04	5.50	3.3	4.08	3.59	2.8	4.1	0.17	24.0	0.8	0.9	1026.8
R1	0-10	3.49	8.82	0.07	0.15	0.14	0.10	0.01	0.05	9.34	3.8	3.87	3.32	6.2	4.5	0.21	21.3	0.0	0.8	464.0
R3	0-10	3.8	5.06	0.04	0.09	0.09	0.06	0.00	0.04	5.39	4.3	4.12	3.6	2.2	3.6	0.16	23.5	1.0	1.6	622.0
R5	0-10	3.77	5.52	0.04	0.10	0.10	0.04	0.00	0.05	5.86	4.0	4.06	3.55	1.4	2.6	0.11	23.4	1.8	1.4	617.0
S2	0-10	3.71	5.38	0.06	0.07	0.07	0.06	0.00	0.04	5.68	4.1	4.13	3.56	2.9	4.3	0.20	21.7	0.8	1.0	873.7
S4	0-10	4.1	2.69	0.04	0.02	0.05	0.02	0.00	0.05	2.86	5.3	4.43	3.97	0.8	2.6	0.11	23.9	2.9	1.3	306.1
T1	0-10	3.73	6.46	0.09	0.08	0.07	0.12	0.01	0.05	6.88	4.8	4.05	3.56	2.2	3.8	0.17	22.3	2.8	1.1	666.4
T3	0-10	3.74	6.38	0.18	0.10	0.15	0.10	0.01	0.05	6.98	6.9	4.04	3.59	3.4	6.8	0.28	24.3	1.6	0.6	770.1
T5	0-10	3.84	3.84	0.03	0.10	0.07	0.06	0.01	0.04	4.14	4.7	4.1	3.63	1.5	2.4	0.10	23.9	3.1	1.3	469.0